X_norm =

   1.3001e-01
  -5.0419e-01
   5.0248e-01
  -7.3572e-01
   1.2575e+00
  -1.9731e-02
  -5.8724e-01
  -7.2188e-01
  -7.8102e-01
  -6.3757e-01
  -7.6356e-02
  -8.5694e-04
  -1.3927e-01
   3.1173e+00
  -9.2196e-01
   3.7664e-01
  -8.5652e-01
  -9.6222e-01
   7.6547e-01
   1.2965e+00
  -2.9405e-01
  -1.4179e-01
  -4.9916e-01
  -4.8672e-02
   2.3774e+00
  -1.1334e+00
  -6.8287e-01
   6.6103e-01
   2.5081e-01
   8.0070e-01
  -2.0345e-01
  -1.2592e+00
   4.9478e-02
   1.4299e+00
  -2.3868e-01
  -7.0930e-01
  -9.5845e-01
   1.6524e-01
   2.7863e+00
   2.0299e-01
  -4.2366e-01
   2.9863e-01
   7.1262e-01
  -1.0075e+00
  -1.4454e+00
  -1.8709e-01
  -1.0037e+00

