X =

      1   2104      3
      1   1600      3
      1   2400      3
      1   1416      2
      1   3000      4
      1   1985      4
      1   1534      3
      1   1427      3
      1   1380      3
      1   1494      3
      1   1940      4
      1   2000      3
      1   1890      3
      1   4478      5
      1   1268      3
      1   2300      4
      1   1320      2
      1   1236      3
      1   2609      4
      1   3031      4
      1   1767      3
      1   1888      2
      1   1604      3
      1   1962      4
      1   3890      3
      1   1100      3
      1   1458      3
      1   2526      3
      1   2200      3
      1   2637      3
      1   1839      2
      1   1000      1
      1   2040      4
      1   3137      3
      1   1811      4
      1   1437      3
      1   1239      3
      1   2132      4
      1   4215      4
      1   2162      4
      1   1664      2
      1   2238      3
      1   2567      4
      1   1200      3
      1    852      2
      1   1852      4
      1   1203      3

